         1.0000         -4.8075         14.9001        231.2337        222.3618      -2042.4831      -2833.9175       5643.2874      10136.3581      -3756.5571     -13510.2796      -3878.3719       5243.9829       3808.1135        729.5692          2.3000
         0.0000          0.5000         -5.3640       -112.8421       -131.2824       1373.2022       2091.0231      -4459.8043      -8435.7594       3252.3605      12059.6244       3545.2223      -4883.6192      -3598.7602       -697.4825          1.9230
         0.0000          0.0000          0.5000         44.3969         69.0211       -862.7449      -1480.3478       3434.2971       6905.4126      -2786.0214     -10690.6607      -3226.1433       4534.6704       3394.3806        665.9674          2.3840
         0.0000          0.0000          0.0000          0.7500        -29.8854        490.1959        990.2841      -2557.5198      -5538.6747       2356.5550       9401.9718       2920.9722      -4197.0487      -3194.9492       -635.0221        -14.7990
         0.0000          0.0000          0.0000          0.0000          1.5000       -235.2941       -609.4056       1820.2988       4328.9288      -1962.9784      -8192.1424      -2629.5466       3870.6660       3000.4402        604.6446          5.6925
         0.0000          0.0000          0.0000          0.0000          0.0000          3.7500        326.4673      -1213.5325      -3269.5837       1604.3107       7059.7588       2351.7037      -3555.4345      -2810.8283       -574.8329         20.9150
         0.0000          0.0000          0.0000          0.0000          0.0000          0.0000         11.2500        728.1195       2354.1002      -1279.5711      -6003.4097      -2087.2812       3251.2663       2626.0878        545.5851        -11.6077
         0.0000          0.0000          0.0000          0.0000          0.0000          0.0000          0.0000         39.3750      -1569.4002        988.7595       5020.2729       1836.2790      -2957.9854      -2446.2188       -516.8973         -9.2460
         0.0000          0.0000          0.0000          0.0000          0.0000          0.0000          0.0000          0.0000        157.5000       -697.9479      -4183.5608      -1585.2769       2686.4795       2266.3498        489.3295          6.6430
         0.0000          0.0000          0.0000          0.0000          0.0000          0.0000          0.0000          0.0000          0.0000        708.7500       2510.1365       1585.2769      -2143.4677      -2266.3498       -434.1938          0.9848
         0.0000          0.0000          0.0000          0.0000          0.0000          0.0000          0.0000          0.0000          0.0000          0.0000       3543.7500          0.0000       4286.9354         -0.0000        868.3875         -1.4167
         0.0000          0.0000          0.0000          0.0000          0.0000          0.0000          0.0000          0.0000          0.0000          0.0000          0.0000      19490.6250       5144.3225     -11331.7488       2605.1625          0.1627
         0.0000          0.0000          0.0000          0.0000          0.0000          0.0000          0.0000          0.0000          0.0000          0.0000          0.0000          0.0000     116943.7500     -19425.8550      10420.6500          0.0880
         0.0000          0.0000          0.0000          0.0000          0.0000          0.0000          0.0000          0.0000          0.0000          0.0000          0.0000          0.0000          0.0000     760134.3750      15630.9750         -0.0256
         0.0000          0.0000          0.0000          0.0000          0.0000          0.0000          0.0000          0.0000          0.0000          0.0000          0.0000          0.0000          0.0000          0.0000    5320940.6250          0.0020
