       5320940.625000000000000             -0.000000000000000              0.000000000000000              0.000000000000000             -0.000000000000000             -0.000000000000000              0.000000000000000             -0.000000000000000              0.000000000000000             -0.000000000000000             -0.000000000000000              0.000000000000000             -0.000000000000000             -0.000000000000000             -0.000000000000000              0.000000208609732
             0.000000000000000        -380067.187500000000000             -0.000000000000000             -0.000000000000000              0.000000000000000              0.000000000000000             -0.000000000000000              0.000000000000000             -0.000000000000000              0.000000000000000              0.000000000000000             -0.000000000000000              0.000000000000000              0.000000000000000              0.000000000000000              0.000001026134359
             0.000000000000000              0.000000000000000          58471.875000000000000             -0.000000000000000              0.000000000000000              0.000000000000000             -0.000000000000000              0.000000000000000             -0.000000000000000              0.000000000000000              0.000000000000000             -0.000000000000000              0.000000000000000              0.000000000000000              0.000000000000000             -0.000014878948212
             0.000000000000000              0.000000000000000              0.000000000000000         -14617.968750000000000              0.000000000000000              0.000000000000000             -0.000000000000000              0.000000000000000             -0.000000000000000              0.000000000000000              0.000000000000000             -0.000000000000000              0.000000000000000              0.000000000000000              0.000000000000000             -0.000165549676661
             0.000000000000000              0.000000000000000              0.000000000000000              0.000000000000000           5315.625000000000000              0.000000000000000             -0.000000000000000              0.000000000000000             -0.000000000000000              0.000000000000000              0.000000000000000             -0.000000000000000              0.000000000000000              0.000000000000000              0.000000000000000              0.000462786596120
             0.000000000000000              0.000000000000000              0.000000000000000              0.000000000000000              0.000000000000000          -2657.812500000000000             -0.000000000000000              0.000000000000000             -0.000000000000000              0.000000000000000              0.000000000000000             -0.000000000000000              0.000000000000000              0.000000000000000              0.000000000000000              0.000820223398001
             0.000000000000000              0.000000000000000              0.000000000000000              0.000000000000000              0.000000000000000              0.000000000000000           1771.875000000000000              0.000000000000000             -0.000000000000000              0.000000000000000              0.000000000000000             -0.000000000000000              0.000000000000000              0.000000000000000              0.000000000000000             -0.000327336860670
             0.000000000000000              0.000000000000000              0.000000000000000              0.000000000000000              0.000000000000000              0.000000000000000              0.000000000000000          -1550.390625000000000             -0.000000000000000              0.000000000000000              0.000000000000000             -0.000000000000000              0.000000000000000              0.000000000000000              0.000000000000000              0.002218795666415
             0.000000000000000              0.000000000000000              0.000000000000000              0.000000000000000              0.000000000000000              0.000000000000000              0.000000000000000              0.000000000000000           1771.875000000000000              0.000000000000000              0.000000000000000             -0.000000000000000              0.000000000000000              0.000000000000000              0.000000000000000             -0.002500176366843
             0.000000000000000              0.000000000000000              0.000000000000000              0.000000000000000              0.000000000000000              0.000000000000000              0.000000000000000              0.000000000000000              0.000000000000000          -2657.812500000000000              0.000000000000000             -0.000000000000000              0.000000000000000              0.000000000000000              0.000000000000000              0.000477836566725
             0.000000000000000              0.000000000000000              0.000000000000000              0.000000000000000              0.000000000000000              0.000000000000000              0.000000000000000              0.000000000000000              0.000000000000000              0.000000000000000           5315.625000000000000             -0.000000000000000              0.000000000000000              0.000000000000000              0.000000000000000              0.000135449735450
             0.000000000000000              0.000000000000000              0.000000000000000              0.000000000000000              0.000000000000000              0.000000000000000              0.000000000000000              0.000000000000000              0.000000000000000              0.000000000000000              0.000000000000000         -14617.968750000000000              0.000000000000000              0.000000000000000              0.000000000000000             -0.000313997113997
             0.000000000000000              0.000000000000000              0.000000000000000              0.000000000000000              0.000000000000000              0.000000000000000              0.000000000000000              0.000000000000000              0.000000000000000              0.000000000000000              0.000000000000000              0.000000000000000          58471.875000000000000              0.000000000000000              0.000000000000000              0.000075762920207
             0.000000000000000              0.000000000000000              0.000000000000000              0.000000000000000              0.000000000000000              0.000000000000000              0.000000000000000              0.000000000000000              0.000000000000000              0.000000000000000              0.000000000000000              0.000000000000000              0.000000000000000        -380067.187500000000000              0.000000000000000              0.000007998585776
             0.000000000000000              0.000000000000000              0.000000000000000              0.000000000000000              0.000000000000000              0.000000000000000              0.000000000000000              0.000000000000000              0.000000000000000              0.000000000000000              0.000000000000000              0.000000000000000              0.000000000000000              0.000000000000000        5320940.625000000000000              0.000000571327555
