         1.0000         -2.5000          6.2500        -15.6250         39.0625        -97.6562        244.1406       -610.3516       1525.8789      -3814.6973       9536.7432     -23841.8579      59604.6448    -149011.6119     372529.0298          5.6900
         0.0000          0.5000         -2.2500          7.6250        -23.0625         65.6562       -180.1406        482.3516      -1269.8789       3302.6973      -8512.7432      21793.8579     -55508.6448     140819.6119    -356145.0298         -2.5200
         0.0000          0.0000          0.5000         -3.0000         12.1250        -41.2500        127.5312       -371.4375       1039.5078      -2829.1406       7546.4082     -19832.3555      51542.3911    -132822.2314     340052.9591          3.4200
         0.0000          0.0000          0.0000          0.7500         -5.2500         23.4375        -85.3125        276.6094       -833.7656       2393.0273      -6636.7383      17956.3506     -47704.8838     125018.4705    -324251.8176         -4.2200
         0.0000          0.0000          0.0000          0.0000          1.5000        -11.2500         52.5000       -196.8750        651.6562      -1993.3594       5782.7344     -16164.8438      43995.1230    -117407.3291     308740.6055          4.1500
         0.0000          0.0000          0.0000          0.0000          0.0000          3.7500        -28.1250        131.2500       -492.1875       1629.1406      -4983.3984      14456.8359     -40412.1094     109987.8076    -293518.3228         -3.5400
         0.0000          0.0000          0.0000          0.0000          0.0000          0.0000         11.2500        -78.7500        354.3750      -1299.3750       4237.7344     -12831.3281      36954.8438    -102758.9062     278583.9697          4.3100
         0.0000          0.0000          0.0000          0.0000          0.0000          0.0000          0.0000         39.3750       -236.2500       1004.0625      -3543.7500      11288.3203     -33621.3281      95720.6250    -263935.5469         -9.2500
         0.0000          0.0000          0.0000          0.0000          0.0000          0.0000          0.0000          0.0000        157.5000       -708.7500       2953.1250      -9745.3125      30535.3125     -88682.3438     249858.9844         21.6400
         0.0000          0.0000          0.0000          0.0000          0.0000          0.0000          0.0000          0.0000          0.0000        708.7500      -1771.8750       9745.3125     -24363.2812      88682.3438    -221705.8594        -50.6500
         0.0000          0.0000          0.0000          0.0000          0.0000          0.0000          0.0000          0.0000          0.0000          0.0000       3543.7500          0.0000      48726.5625          0.0000     443411.7188        135.0500
         0.0000          0.0000          0.0000          0.0000          0.0000          0.0000          0.0000          0.0000          0.0000          0.0000          0.0000      19490.6250      58471.8750     443411.7188    1330235.1562       -411.7100
         0.0000          0.0000          0.0000          0.0000          0.0000          0.0000          0.0000          0.0000          0.0000          0.0000          0.0000          0.0000     116943.7500     760134.3750    5320940.6250       1283.4400
         0.0000          0.0000          0.0000          0.0000          0.0000          0.0000          0.0000          0.0000          0.0000          0.0000          0.0000          0.0000          0.0000     760134.3750    7981410.9375      -3794.8800
         0.0000          0.0000          0.0000          0.0000          0.0000          0.0000          0.0000          0.0000          0.0000          0.0000          0.0000          0.0000          0.0000          0.0000    5320940.6250      10420.6500
